1.0
0.9902771623200468
0.9424825781687218
0.8627136469448264
0.7709549389881031
0.6746599363497428
0.581050773983191
0.4892579608118832
0.4072101349682164
0.3363479396701569
0.27452446934368896
0.22159434350073967
0.17856781004383018
0.14264652985237558
0.11278730320022225
0.08878036385532606
0.06929041024889311
0.05347205316268171
0.041128599685770754
0.03125690220868064
0.023307908572310142
0.01690096812602208
0.011827161435576246
0.00774859808039998
0.004535180532930287
0.0019818501062676985
-0.0001305985896776978
-0.0014590631748292676
-0.002436729219393925
-0.0029485701738729535
-0.003308112911542444
-0.0038263218665027447
-0.004424312943225199
-0.0051899273313034105
-0.006063569471027152
-0.0070361944410583565
-0.008055630282673792
-0.00890440061474177
-0.009430878999794579
-0.009719429755819768
-0.009282442257533764
-0.008565334034447165
-0.007155021795511273
-0.005534152086040402
-0.0032618319946168695
-0.0008909097189043943
0.001629439830338008
0.003704890974278429
0.00603118352252595
0.007709536757951157
0.008901908905862996
0.009718938830547724
0.009557418021633008
0.009101027870219186
0.008223657553336424
0.006865375646523905
0.004792652386862568
0.002767261294769201
0.00043392803356813605
-0.0017226936595413596
-0.003713539731976135
-0.00576262152152286
-0.007385816096605535
-0.008567159313612635
-0.009491968026009292
-0.0042387013524982425
-0.0016629537878965746
0.00010742257995771236
0.001340340904562205
0.002688478905908301
0.0034192935210496794
0.0034099902367421124
0.0027927534849801552
0.0014039686752121783
-0.0009908978051465117
-0.0026352225527707584
-0.004331789843142599
-0.006248451729023081
-0.0077693010706579215
-0.009194570232540033
-0.011112824478292887
-0.013697522384573614
-0.016585422332420545
-0.019867658866037644
-0.023281946198933583
-0.026624343281139804
-0.029979229399764284
-0.032739521172123844
-0.0349655528721417
-0.037037139824435114
-0.03849906901086224
0.0
0.0
0.0
0.0
0.0
0.0
0.0
0.0
0.0
0.0
0.0
0.0
0.0
0.0
0.0
0.0
0.0
0.0
0.0
0.0
0.0
0.0
0.0
0.0
0.0
0.0
0.0
0.0
0.0
0.0
0.0
0.0
0.0
0.0
0.0
0.0
0.0
0.0
1.0
0.9646868472065824
0.8978050052486187
0.8121211376192979
0.7210276553097282
0.6291369421118986
0.541853879604951
0.4573459104449038
0.3821796848276014
0.31731396497593883
0.2604819452284116
0.2117292652052938
0.17200194137918326
0.1389906616573949
0.11157974700313637
0.08968573339018138
0.07208186460519465
0.05778486761397887
0.04670555093782871
0.03778811144187288
0.03058007992768899
0.02446883700938142
0.01959415327885228
0.015197494022001178
0.011322612854503523
0.007606991128167849
0.004229344115824148
0.001268948078074737
-0.0012777906932480766
-0.003226764338663972
-0.0050615888475603575
-0.006588142062459442
-0.007961996483043694
-0.009131714023132982
-0.010145572430846872
-0.010948044072433832
-0.011350678719195236
-0.011357423398688173
-0.010676950024671603
-0.009786643293611915
-0.008291840401895742
-0.006787461136410251
-0.004712615091076794
-0.002747250798687627
-0.0003908554775559429
0.0018810786495953439
0.004353957151761433
0.006383694834620726
0.008790726438358687
0.010467065561878182
0.011664767906971914
0.012467799747913063
0.012340328988312972
0.011714205128020896
0.010775720121226684
0.009405175723794363
0.007428366762711091
0.005627250448799374
0.003362194349661473
0.0013119824586795988
-0.0008015486449745261
-0.003024728838393847
-0.005316208429579935
-0.007252994638762971
-0.008961865180146444
-0.007108210529996497
-0.0058421677118898506
-0.0045423249704066755
-0.003083883300626863
-0.0011596940711408768
0.00045724232328228523
0.0016669428887237372
0.0022680560408531282
0.001999725657605585
0.0005637867904560594
-0.0005639874216398094
-0.0019092606991515328
-0.0030472177149856437
-0.00394766515350665
-0.004628004466409929
-0.0053783365219605295
-0.006080761418468597
-0.0066398587010889675
-0.006836366925272638
-0.006749091369478364
-0.006496148840170405
-0.005262998899718877
-0.004826001567762534
-0.0045036056027667245
-0.004100312978643985
-0.004141037734263974
0.0
0.0
0.0
0.0
0.0
0.0
0.0
0.0
0.0
0.0
0.0
0.0
0.0
0.0
0.0
0.0
0.0
0.0
0.0
0.0
0.0
0.0
0.0
0.0
0.0
0.0
0.0
0.0
0.0
0.0
0.0
0.0
0.0
0.0
0.0
0.0
0.0
0.0
1.0
0.9315731883338927
0.8382565341775297
0.7449141370384059
0.6534542323633685
0.5652071924636436
0.4834852697765336
0.4059588771053984
0.33764814844282653
0.27899640903837664
0.22777949613483964
0.18390937413423747
0.14819952885979465
0.11863825660595992
0.09418518600176634
0.07475440832733551
0.059320560055457425
0.04691070661590398
0.037392163151541376
0.0298944274892834
0.02405944227600658
0.019204241006771695
0.015665367414570797
0.01242797678946184
0.009893886790438629
0.0074201480984081615
0.004650200630549992
0.0017478657642143738
-0.0012494951016192397
-0.004094970369762076
-0.006649692437119055
-0.009042639236579088
-0.011282226028339355
-0.013130406426444249
-0.01460215994380862
-0.015367071179388637
-0.016268590060106496
-0.01622092892339615
-0.015497971178490923
-0.014578234854884417
-0.012786964419224047
-0.010800949421029363
-0.008915533708121837
-0.0066221162740737055
-0.004004309132496144
-0.001232137917632672
0.0014915471501970687
0.003977446828298187
0.0065571454640342315
0.008572124293534496
0.010139389796158624
0.011482021404418022
0.012384124570933056
0.012770440490479398
0.013027584391236292
0.012534723579919006
0.011642432424676044
0.010621786187191638
0.009379685589490297
0.007768353749814286
0.006276149190767218
0.00424998455651753
0.0021072402791580402
-5.730388950051468e-5
-0.002013381399355882
-0.0019480867851360106
-0.0013707847061052707
-0.0003366861117304414
0.0009181595229752739
0.003035947486450841
0.00518344578594125
0.0063037715491794976
0.007098405548114554
0.006722727408823875
0.0049247493556500545
0.003609045856612727
0.0019844380633769233
0.00026170636893993265
-0.0008948695010013598
-0.0017335354112656943
-0.0025203330794846103
-0.0032430819360449756
-0.003906397208023275
-0.00396610885913974
-0.0034095891521424182
-0.0025627639446283543
-0.0006241807468606156
0.0007712198702119952
0.001989297570350737
0.003671444817463758
0.004939312595973543
0.0
0.0
0.0
0.0
0.0
0.0
0.0
0.0
0.0
0.0
0.0
0.0
0.0
0.0
0.0
0.0
0.0
0.0
0.0
0.0
0.0
0.0
0.0
0.0
0.0
0.0
0.0
0.0
0.0
0.0
0.0
0.0
0.0
0.0
0.0
0.0
0.0
0.0
1.0
0.8911744114866846
0.76619706063319
0.6658949283233195
0.5758591731411673
0.49283690148640585
0.4182431639858856
0.3493121931484908
0.28969193728829595
0.2390621147122874
0.1951391053189191
0.15746535957721294
0.12703734648184095
0.10195122084633891
0.08153694659291227
0.06532631559028516
0.05236192573266755
0.041848156928081914
0.03351506621414989
0.026631915971431656
0.02103724058581776
0.016474506025881304
0.012795591119655902
0.009581651269393459
0.006708577457943598
0.004098690227013209
0.0016744108288191024
-0.000550849970683104
-0.0027097613166290383
-0.004723860174228945
-0.006702606590266329
-0.008024620886575901
-0.00886753941982461
-0.00920039297613334
-0.009242788560714076
-0.008402758390103023
-0.00788065816864824
-0.006131281994953189
-0.0041470228742389635
-0.0021645472799464178
0.00025600882164376925
0.00267764813381718
0.004116273268201493
0.005986844382952702
0.007777892563830693
0.00949154412297307
0.010886845011727996
0.012189179883224538
0.013232079496380824
0.014163011263297385
0.014650181315803795
0.014721471882894525
0.014691708004620743
0.01396921355329486
0.013163627610236001
0.011738492403457446
0.0104009878713658
0.008869935099220464
0.007474620497235121
0.005481851961001968
0.003966792680964773
0.001974847749737217
0.00018806234923970496
-0.0019450763020269172
-0.0036504524817321045
-0.002579270283152244
-0.002272966079354482
-0.0015961344224960973
-0.000489853023798007
0.001136800513096054
0.002687332757582799
0.003959645843484437
0.0049762282145899145
0.005246119104128107
0.0045968890877101974
0.003511663417176433
0.0020963750038036468
0.0006806748919886526
-0.0007664152179115402
-0.0020022098255932336
-0.0031575164014060603
-0.004236431307188853
-0.005458549753946103
-0.006629838585979896
-0.007441863845404543
-0.008083155953890973
-0.008205727230745391
-0.008630143235526702
-0.008946064811074933
-0.00886651101700147
-0.00862124309946515
0.0
0.0
0.0
0.0
0.0
0.0
0.0
0.0
0.0
0.0
0.0
0.0
0.0
0.0
0.0
0.0
0.0
0.0
0.0
0.0
0.0
0.0
0.0
0.0
0.0
0.0
0.0
0.0
0.0
0.0
0.0
0.0
0.0
0.0
0.0
0.0
0.0
0.0
1.0
0.8427228710708017
0.6804654688733325
0.5738868949321475
0.48708242547493324
0.4117268815496685
0.3468839456611809
0.2886872412582566
0.23933772794335897
0.1982326649961671
0.1629486117782499
0.13284841714521683
0.10825660587028037
0.08812577579611758
0.07144481464218269
0.057711772957728454
0.046584086145390134
0.03723963843363739
0.030239030985681235
0.024307095179825672
0.01942192957643766
0.015103906881552337
0.011553701640370135
0.008475362174659235
0.0062059397904350045
0.0045633125632747575
0.0030543482423334286
0.002141048666517105
0.0015978298521226431
0.001415106094635556
0.001690815822570846
0.0018016336922552158
0.0018829670960989796
0.0019519817109442468
0.0017163676322392081
0.0014473085420103357
0.0016202132886372351
0.0018064130598478933
0.0024402064008084597
0.0028772804202744115
0.003586774369449212
0.004172821671486045
0.004539719697865472
0.004873152289975023
0.005297093531833707
0.005836715332699463
0.006321383588950997
0.007013519118907548
0.007520918323195841
0.008112956569930226
0.008530276222580303
0.008704729009731724
0.008901736840861336
0.008740382410621438
0.008482215174323933
0.008019842987357995
0.00792798786659559
0.007661778129107933
0.007621771239090684
0.006833955558130031
0.006239002443584201
0.005110114667484797
0.003977535668031533
0.0024314592998615847
0.0009875169856147813
0.0005980318759088148
-0.0004628644171250441
-0.0009209971112819526
-0.00044539373776207375
0.00111437375781288
0.002567309524001936
0.0035803819531293386
0.004451700110534917
0.004751956096650045
0.004332631883429432
0.003605273866293596
0.0024052409114543975
0.0003958757523965029
-0.0014297168868802398
-0.0034193152267231516
-0.005338335416902283
-0.0068371815596769
-0.008197144736790946
-0.009677081180258201
-0.01074403635860827
-0.011575221399244464
-0.012500525308861392
-0.013071392250726503
-0.01332486695320695
-0.013756107654410718
-0.01343724436910882
0.0
0.0
0.0
0.0
0.0
0.0
0.0
0.0
0.0
0.0
0.0
0.0
0.0
0.0
0.0
0.0
0.0
0.0
0.0
0.0
0.0
0.0
0.0
0.0
0.0
0.0
0.0
0.0
0.0
0.0
0.0
0.0
0.0
0.0
0.0
0.0
0.0
0.0
1.0
0.7899205340190816
0.5900172816019718
0.4784767052922545
0.3955714192394742
0.3278817166153099
0.2712800720616964
0.2222889971181042
0.18202049380697566
0.14914569667857996
0.12094222878119247
0.0967616795506859
0.07742752756834727
0.06223820195335713
0.04989894365267105
0.039672151872482124
0.03110244929479975
0.024064455435062727
0.018844032654110648
0.01488881865286108
0.012204109386327471
0.009476094696655238
0.0075561185304560295
0.005804849420124669
0.00454706122426987
0.0039106352189856985
0.0032939868056800613
0.002864277735801516
0.0025348168067533595
0.0021424941174316924
0.002193355295665459
0.002118037708854005
0.002255761447234678
0.002689760253738878
0.0031641452133609037
0.003636283803588422
0.004004262496322722
0.0043669693002520845
0.005163573793453688
0.00570202616494554
0.006581664260764553
0.007049029448400567
0.007287870552042983
0.007259935694682674
0.007255221411129038
0.007196421197658406
0.007346853601808062
0.007406239373108636
0.007284612134030324
0.00726236842228568
0.007182474991493564
0.0069963724223194865
0.006751744188860164
0.006281608980311885
0.005639784069098312
0.0051639792793139695
0.004903264049616663
0.0046002104515197205
0.004218701828198105
0.0035977943704383585
0.003207416170850257
0.0027144187678992556
0.0022544696119804366
0.0013922496995348406
0.0004475675328728419
0.00027866228737329616
0.00014892114308421106
0.0002732054204716739
0.0008129094998976323
0.001837590647030478
0.0025975518979119328
0.003336271407765725
0.003471687463563917
0.00316866147287318
0.002889805466223373
0.0019309761232033608
0.0010352539412090966
-5.8389952378740324e-5
-0.0007622928876037957
-0.0016522223925321867
-0.0026552099237688795
-0.003741702797937271
-0.005029520426728163
-0.006073756927275143
-0.006751997032088872
-0.0074887540080147376
-0.006923293211066749
-0.005781543347603478
-0.004519036500082709
-0.0038227980965587086
-0.0027508507082702675
0.0
0.0
0.0
0.0
0.0
0.0
0.0
0.0
0.0
0.0
0.0
0.0
0.0
0.0
0.0
0.0
0.0
0.0
0.0
0.0
0.0
0.0
0.0
0.0
0.0
0.0
0.0
0.0
0.0
0.0
0.0
0.0
0.0
0.0
0.0
0.0
0.0
0.0
1.0
0.7329986558209612
0.4957081410798873
0.3842227803161504
0.3083836106162686
0.25036080265561206
0.2047652261479416
0.16664770036764373
0.13601834684021663
0.1112907273508231
0.09066037229396201
0.07314886412307342
0.059478957699411646
0.04904567310268981
0.040517191102526516
0.03318799113932422
0.02722645943146309
0.022269519947133404
0.018455553224082356
0.015583437656350209
0.01338922422647108
0.011599345713531634
0.0101423345255543
0.008714579980605581
0.00731826122030507
0.006431871327883336
0.0053327922295856615
0.004532031410210483
0.0038697857182663775
0.0034666815365983414
0.0031095735277167835
0.0027604918571988908
0.0023726962178788964
0.0019598868004309794
0.0017270890706725939
0.0015431967931538895
0.0014019371611389616
0.0013797817869751052
0.0016137897107583747
0.0016922642827238137
0.002193448254489754
0.0022226616812047045
0.0019116379724544413
0.0014508998835410529
0.0011514693861134574
0.0010095810812349325
0.0009600363291059383
0.000937744279828524
0.0008264557975944927
0.0007173892820766274
0.0006793636383460267
0.000568538407125687
0.0006403079242321347
0.0005243668971137286
0.0004461970733244609
0.0005442694525506308
0.0007131910569675917
0.0009366915683598643
0.0010023359851430787
0.0005918259115409719
0.0003660864454798529
4.483211758300715e-5
-0.00025587258869513645
-0.0006149904278978786
-0.000992033592963904
-0.0006542062713732677
-0.0006261883420937895
-0.00044724536069724457
-0.000218492636863661
-4.9057370050251714e-5
-0.00019188874308479148
9.068170696181726e-5
0.0004310089504411877
0.0008868946448184265
0.0020734126905272376
0.002483102856294088
0.002938820902617379
0.003601775149089562
0.003568467276487278
0.002957535671048961
0.002193322211103697
0.0013956826974519142
0.0008221314805246117
3.079593106135415e-5
-0.0006779952779397928
-0.0014845591455762918
-0.0017902307167641832
-0.0020349784378296096
-0.0026332940905196777
-0.004048046056541186
-0.004570511680007533
0.0
0.0
0.0
0.0
0.0
0.0
0.0
0.0
0.0
0.0
0.0
0.0
0.0
0.0
0.0
0.0
0.0
0.0
0.0
0.0
0.0
0.0
0.0
0.0
0.0
0.0
0.0
0.0
0.0
0.0
0.0
0.0
0.0
0.0
0.0
0.0
0.0
0.0
