0.0625 -34.1604 0.969419 -4.36353 0.00307085
0.125 -15.1514 0.924378 -3.13057 0.00276298
0.1875 -9.0644 0.881258 -2.68372 0.00286944
0.25 -7.02887 0.839927 -2.74439 0.00318553
0.3125 -5.68828 0.800197 -2.78022 0.00349046
0.375 -4.72223 0.762008 -2.79028 0.00376651
0.4375 -3.99302 0.725334 -2.78261 0.0040318
0.5 -3.42401 0.690159 -2.76272 0.00424553
0.5625 -2.96945 0.656469 -2.73499 0.00450106
0.625 -2.59913 0.624238 -2.70193 0.00483335
0.6875 -2.29345 0.593435 -2.66627 0.00519932
0.75 -2.03783 0.564024 -2.62923 0.00551178
0.8125 -1.81844 0.535964 -2.58699 0.00586847
0.875 -1.62914 0.509213 -2.54145 0.00619938
0.9375 -1.46752 0.483729 -2.49832 0.00652608
1 -1.32931 0.459464 -2.45924 0.00691054
1.0625 -1.2072 0.43637 -2.41793 0.00744054
1.125 -1.09742 0.414399 -2.37179 0.00798888
1.1875 -1.00083 0.393504 -2.32701 0.0084287
1.25 -0.915249 0.373639 -2.28315 0.0087639
1.3125 -0.835994 0.354759 -2.23193 0.00900925
1.375 -0.764528 0.33682 -2.17955 0.00941979
1.4375 -0.702145 0.319783 -2.13302 0.00997233
1.5 -0.645645 0.303606 -2.08604 0.0104909
1.5625 -0.594122 0.288249 -2.03792 0.0112393
1.625 -0.547332 0.273672 -1.98987 0.0121538
1.6875 -0.505511 0.259837 -1.94487 0.0128708
1.75 -0.468891 0.246709 -1.90627 0.0132982
1.8125 -0.434811 0.234252 -1.8654 0.0137659
1.875 -0.402968 0.222432 -1.82194 0.0142091
1.9375 -0.374118 0.211217 -1.78047 0.0148264
2 -0.349386 0.200575 -1.74819 0.0158042
2.0625 -0.326059 0.190479 -1.71339 0.0170106
2.125 -0.301391 0.1809 -1.66154 0.0182292
2.1875 -0.278579 0.171813 -1.60959 0.0190631
2.25 -0.258207 0.163193 -1.56209 0.0195203
2.3125 -0.23947 0.155017 -1.51554 0.0200741
2.375 -0.223529 0.147264 -1.47859 0.0209309
2.4375 -0.209994 0.139912 -1.45062 0.0221304
2.5 -0.198442 0.132939 -1.43042 0.0231116
2.5625 -0.187928 0.126327 -1.41244 0.0242212
2.625 -0.176329 0.120056 -1.38079 0.0255555
2.6875 -0.164421 0.114107 -1.34052 0.0264844
2.75 -0.153819 0.108464 -1.30478 0.0273048
2.8125 -0.143736 0.103111 -1.26768 0.0281153
2.875 -0.134106 0.0980317 -1.22895 0.0284395
2.9375 -0.124568 0.0932139 -1.18537 0.0291917
3 -0.116141 0.0886448 -1.14694 0.0308063
3.0625 -0.108195 0.0843118 -1.10818 0.0327228
3.125 -0.100966 0.0802012 -1.07197 0.0340912
3.1875 -0.0954906 0.0763 -1.05034 0.0349597
3.25 -0.0897874 0.0725976 -1.02262 0.0362771
3.3125 -0.0831128 0.0690847 -0.979646 0.0376639
3.375 -0.0784389 0.0657515 -0.956349 0.0386276
3.4375 -0.0749581 0.0625884 -0.944874 0.0396518
3.5 -0.0711271 0.0595867 -0.926515 0.0413205
3.5625 -0.0659489 0.0567375 -0.887329 0.0421576
3.625 -0.0594739 0.0540324 -0.826164 0.0428338
3.6875 -0.0542324 0.0514637 -0.777443 0.0441821
3.75 -0.0508966 0.0490236 -0.752629 0.0459594
3.8125 -0.0485337 0.046706 -0.740008 0.0478587
3.875 -0.0464384 0.0445053 -0.72978 0.0497365
3.9375 -0.0440788 0.0424142 -0.713663 0.0517801
4 -0.0423676 0.0404271 -0.706441 0.053246
4.0625 -0.040266 0.038539 -0.691184 0.0531567
4.125 -0.0391752 0.0367451 -0.69202 0.0542173
4.1875 -0.0392337 0.0350396 -0.71295 0.0565933
4.25 -0.0388933 0.0334172 -0.726798 0.0582672
4.3125 -0.037617 0.0318744 -0.72262 0.0612419
4.375 -0.0356279 0.0304068 -0.703327 0.0654862
4.4375 -0.0343192 0.0290116 -0.695985 0.0675975
4.5 -0.0331601 0.0276855 -0.690611 0.0680378
4.5625 -0.0317702 0.0264258 -0.679292 0.0686685
4.625 -0.0296729 0.02523 -0.651149 0.0700457
4.6875 -0.0258301 0.0240935 -0.581567 0.0715028
4.75 -0.0227993 0.0230128 -0.526526 0.0734598
4.8125 -0.0208926 0.021985 -0.494754 0.0750756
4.875 -0.0181681 0.021008 -0.441041 0.0767662
4.9375 -0.0171218 0.0200779 -0.425964 0.0803925
5 -0.0177373 0.0191914 -0.45211 0.0822676
5.0625 -0.01835 0.0183459 -0.47908 0.0835672
5.125 -0.0180878 0.0175398 -0.48357 0.0857006
5.1875 -0.0183267 0.0167715 -0.501586 0.0862675
5.25 -0.0191076 0.0160406 -0.535238 0.0870495
5.3125 -0.0186627 0.0153455 -0.534921 0.0899558
5.375 -0.0171085 0.0146838 -0.501642 0.0942779
5.4375 -0.0167613 0.0140526 -0.502635 0.0966719
5.5 -0.016392 0.01345 -0.502618 0.0969445
5.5625 -0.0147986 0.0128757 -0.463863 0.0979442
5.625 -0.0120418 0.0123294 -0.385768 0.098915
5.6875 -0.0101558 0.0118099 -0.332443 0.100621
5.75 -0.0108088 0.0113159 -0.361456 0.101748
5.8125 -0.0127758 0.0108448 -0.436366 0.103435
5.875 -0.013474 0.0103948 -0.469948 0.10623
5.9375 -0.0142031 0.00996424 -0.505754 0.108287
6 -0.0150352 0.00955252 -0.546486 0.110897
6.0625 -0.013611 0.00915826 -0.504881 0.113367
6.125 -0.0123975 0.00878155 -0.469219 0.117727
6.1875 -0.013326 0.00842085 -0.51452 0.121956
6.25 -0.0134367 0.00807627 -0.529146 0.124089
6.3125 -0.012713 0.00774726 -0.510537 0.127264
6.375 -0.0119072 0.00743292 -0.48754 0.130923
6.4375 -0.0096835 0.0071333 -0.404181 0.132271
6.5 -0.00746538 0.00684766 -0.317587 0.132414
6.5625 -0.00711478 0.0065749 -0.308436 0.133105
6.625 -0.00750834 0.00631426 -0.33164 0.135986
6.6875 -0.00755602 0.00606597 -0.339988 0.141765
6.75 -0.00847565 0.00582997 -0.388436 0.146925
6.8125 -0.00891465 0.00560565 -0.416062 0.149837
6.875 -0.00739712 0.00539131 -0.351524 0.1502
6.9375 -0.0068075 0.0051859 -0.329346 0.150185
7 -0.00608599 0.00498997 -0.299709 0.151592
7.0625 -0.0043838 0.00480341 -0.219715 0.153611
7.125 -0.00434314 0.00462501 -0.221507 0.156427
7.1875 -0.00666301 0.00445347 -0.345752 0.158881
7.25 -0.0088347 0.00428805 -0.466374 0.159569
7.3125 -0.00915698 0.00413037 -0.491679 0.158452
7.375 -0.00852344 0.0039794 -0.465447 0.161723
7.4375 -0.00788052 0.00383403 -0.4376 0.169033
7.5 -0.0070267 0.00369372 -0.396717 0.176443
7.5625 -0.00613546 0.00355801 -0.352149 0.178775
7.625 -0.00669784 0.00342699 -0.390756 0.180369
7.6875 -0.00789078 0.00330144 -0.467871 0.184389
7.75 -0.00865269 0.00318107 -0.521361 0.191402
7.8125 -0.00764055 0.00306574 -0.467776 0.195841
7.875 -0.00448833 0.00295601 -0.279172 0.198547
7.9375 -0.00225411 0.00285064 -0.142424 0.203326
8 -0.00376394 0.00274882 -0.241556 0.209372
8.0625 -0.00708296 0.00265066 -0.461644 0.215247
8.125 -0.00826249 0.00255474 -0.546851 0.217741
8.1875 -0.00845211 0.00246105 -0.567986 0.216422
8.25 -0.00812276 0.00236943 -0.554168 0.219463
8.3125 -0.0073758 0.00228052 -0.510815 0.224875
8.375 -0.00536493 0.00219578 -0.377128 0.225859
8.4375 -0.00333226 0.00211404 -0.237731 0.227226
8.5 -0.00405591 0.00203422 -0.293637 0.23254
8.5625 -0.00746836 0.00195647 -0.548627 0.234212
8.625 -0.0101077 0.00188165 -0.753332 0.235775
8.6875 -0.010308 0.00180916 -0.779383 0.23865
8.75 -0.00824162 0.00173974 -0.632099 0.244148
8.8125 -0.00589202 0.00167285 -0.458342 0.2503
8.875 -0.00543809 0.00160716 -0.429024 0.255122
8.9375 -0.00615309 0.00154276 -0.492261 0.260397
9 -0.00662117 0.00148102 -0.53711 0.266189
9.0625 -0.00776234 0.00142234 -0.63842 0.27283
9.125 -0.00940145 0.00136745 -0.78389 0.276805
9.1875 -0.0104497 0.00131592 -0.883219 0.271244
9.25 -0.0112418 0.00126772 -0.9631 0.265299
9.3125 -0.0110791 0.00122272 -0.961987 0.269286
9.375 -0.00991108 0.0011805 -0.87212 0.278575
9.4375 -0.00915857 0.00114037 -0.816652 0.284173
9.5 -0.0093807 0.00110314 -0.847543 0.291387
9.5625 -0.00994593 0.00106897 -0.910443 0.298758
9.625 -0.0101365 0.00103697 -0.940022 0.299613
9.6875 -0.0103455 0.0010066 -0.971877 0.300562
9.75 -0.0106032 0.000977717 -1.00895 0.301386
9.8125 -0.00902196 0.000950697 -0.869507 0.304159
9.875 -0.00766889 0.000924666 -0.748529 0.311483
9.9375 -0.00835043 0.000900025 -0.82538 0.317073
10 -0.00928874 0.000875785 -0.929688 0.318859
10.0625 -0.0090615 0.000851808 -0.918295 0.317784
10.125 -0.0086716 0.000828083 -0.889711 0.31926
10.1875 -0.00808133 0.000806285 -0.839399 0.327757
10.25 -0.00731039 0.000786893 -0.768653 0.334746
10.3125 -0.00644197 0.00077033 -0.685616 0.337609
10.375 -0.004457 0.000756574 -0.480117 0.342183
10.4375 -0.00302356 0.000745391 -0.329637 0.350162
10.5 -0.00333216 0.000735641 -0.367641 0.358963
10.5625 -0.003728 0.000725666 -0.416222 0.365857
10.625 -0.0035572 0.000716076 -0.401862 0.362692
10.6875 -0.00488227 0.000705663 -0.558059 0.365015
10.75 -0.00718738 0.000693407 -0.831168 0.366133
10.8125 -0.00727438 0.000679071 -0.851026 0.36494
10.875 -0.00460046 0.000663399 -0.544438 0.36701
10.9375 -0.0020221 0.000647777 -0.242058 0.372155
11 -0.00015488 0.000631639 -0.0187524 0.379246
11.0625 -0.00021654 0.000614741 -0.0265162 0.388789
11.125 -0.00223338 0.000598292 -0.276581 0.396909
11.1875 -0.00218036 0.000581929 -0.273053 0.400756
11.25 -0.000766384 0.000565999 -0.0970504 0.400547
11.3125 1.32153e-05 0.000550827 0.00169213 0.403748
11.375 0.00066432 0.000537241 0.086003 0.414078
11.4375 0.000254829 0.000524385 0.0333533 0.421646
11.5 -0.00037962 0.000511842 -0.0502305 0.421538
11.5625 -0.000304989 0.000499418 -0.0407947 0.424467
11.625 -0.000454609 0.000485751 -0.061466 0.439334
11.6875 0.000410287 0.000471753 0.0560707 0.444391
11.75 0.00114219 0.000458261 0.157765 0.449531
11.8125 0.000704024 0.000445312 0.0982799 0.450709
11.875 -0.000250488 0.000432913 -0.035338 0.448585
11.9375 -0.000926764 0.000423525 -0.132123 0.446097
12 -0.000647242 0.000417223 -0.0932418 0.450937
12.0625 -0.000270507 0.000412335 -0.0393761 0.45925
12.125 -0.000237091 0.000408354 -0.0348704 0.455205
12.1875 -0.000329309 0.000405197 -0.0489337 0.458022
12.25 -5.7713e-05 0.000403307 -0.00866406 0.462202
12.3125 0.000590063 0.000402725 0.0894882 0.469089
12.375 0.000864891 0.000403689 0.132503 0.471115
12.4375 -0.000215076 0.000405688 -0.0332839 0.474868
12.5 -0.00397973 0.000408697 -0.622086 0.475576
12.5625 -0.00679189 0.000412224 -1.07231 0.479111
12.625 -0.0075698 0.00041505 -1.20706 0.48864
12.6875 -0.00667953 0.000418744 -1.07567 0.497181
12.75 -0.00498684 0.000424113 -0.811017 0.510599
12.8125 -0.00516551 0.000431417 -0.848338 0.531037
12.875 -0.00597293 0.000439515 -0.990542 0.543013
12.9375 -0.0068714 0.000447587 -1.15064 0.539445
13 -0.0068733 0.000456367 -1.16212 0.539116
13.0625 -0.00530852 0.000466198 -0.90621 0.549962
13.125 -0.00407333 0.000475392 -0.702029 0.551633
13.1875 -0.00509894 0.00048348 -0.887187 0.544236
13.25 -0.00643786 0.000491507 -1.1308 0.542482
13.3125 -0.00573872 0.000500325 -1.01754 0.560747
13.375 -0.00508953 0.00050897 -0.910934 0.584602
13.4375 -0.00448906 0.000517656 -0.810993 0.58314
13.5 -0.00318913 0.00052673 -0.581526 0.584489
13.5625 -0.00179471 0.000535856 -0.330299 0.600511
13.625 -0.00168488 0.000544051 -0.312953 0.610537
13.6875 -0.00130763 0.000551844 -0.245117 0.619002
13.75 0.000456158 0.00055998 0.0862906 0.621896
13.8125 0.00179729 0.000567658 0.343091 0.612051
13.875 0.00249339 0.000575204 0.480293 0.60397
13.9375 0.00318187 0.000581202 0.618451 0.617138
14 0.00251189 0.000586461 0.49262 0.625963
14.0625 0.00276366 0.000590906 0.546848 0.629098
14.125 0.00327041 0.000595265 0.652886 0.645746
14.1875 0.00300433 0.000600123 0.605089 0.661116
14.25 0.00197351 0.000605517 0.400988 0.668198
14.3125 0.00113154 0.000610128 0.231935 0.677102
14.375 -0.000387213 0.000615106 -0.0800631 0.690754
14.4375 -0.00297432 0.000621627 -0.620358 0.6992
14.5 -0.00351236 0.000628417 -0.738938 0.693226
14.5625 -0.00158215 0.000634312 -0.335733 0.693221
14.625 -0.000250235 0.000639936 -0.0535572 0.703391
14.6875 -0.000995079 0.000645208 -0.2148 0.723865
14.75 -0.00186704 0.000649514 -0.406461 0.74608
14.8125 -0.0016037 0.000653239 -0.352098 0.755315
14.875 -0.00104513 0.000657148 -0.231402 0.758039
14.9375 -0.00162557 0.000661866 -0.362953 0.753056
15 -0.00101302 0.000666166 -0.228081 0.740699
15.0625 0.000553959 0.000669898 0.125766 0.734583
15.125 0.000808812 0.000673395 0.185153 0.748263
15.1875 0.000324382 0.000676273 0.0748726 0.770501
15.25 -0.000804672 0.000679694 -0.187264 0.781973
15.3125 -0.00167947 0.000682605 -0.394059 0.795085
15.375 -0.00205736 0.000684611 -0.486674 0.803623
15.4375 -0.00258007 0.000685821 -0.615295 0.814209
15.5 -0.0016727 0.000685947 -0.402142 0.829281
15.5625 -0.000797766 0.000684475 -0.193344 0.843898
15.625 -0.000745888 0.000682151 -0.182226 0.857331
15.6875 -0.00038641 0.000679838 -0.0951594 0.873884
15.75 -0.00134417 0.000677494 -0.333663 0.891093
15.8125 -0.00380356 0.00067511 -0.951666 0.915576
15.875 -0.00368181 0.000672851 -0.928498 0.943598
15.9375 -0.000271756 0.000670846 -0.0690735 1.01445
