0.0625 2.65006 0.976448 0.439528 0.000588659
0.125 7.34005 0.940535 1.92867 0.00136321
0.1875 6.62925 0.905312 2.46135 0.00179454
0.25 4.96187 0.87067 2.39787 0.00197824
0.3125 3.9145 0.836594 2.33942 0.00220715
0.375 3.20972 0.803161 2.29307 0.00246364
0.4375 2.70313 0.770456 2.25401 0.00274417
0.5 2.32125 0.738559 2.21967 0.00304226
0.5625 2.0219 0.707536 2.18742 0.00335394
0.625 1.78054 0.677433 2.15621 0.0037092
0.6875 1.58209 0.648284 2.12611 0.00411491
0.75 1.41637 0.620109 2.0972 0.00450987
0.8125 1.27544 0.59292 2.06837 0.00483712
0.875 1.15445 0.566717 2.03995 0.00513339
0.9375 1.04973 0.541496 2.01222 0.00549243
1 0.958057 0.517246 1.98457 0.00590506
1.0625 0.877347 0.493954 1.95722 0.00633896
1.125 0.806295 0.4716 1.93124 0.00673993
1.1875 0.742969 0.450161 1.90547 0.007106
1.25 0.685816 0.429617 1.87872 0.00743931
1.3125 0.634954 0.409941 1.85373 0.00780385
1.375 0.589699 0.391109 1.83103 0.00828463
1.4375 0.5485 0.373093 1.80796 0.00881675
1.5 0.510809 0.355869 1.78429 0.00926133
1.5625 0.477199 0.339405 1.76362 0.009692
1.625 0.447044 0.323676 1.74543 0.0102433
1.6875 0.41902 0.308654 1.72594 0.0108831
1.75 0.392518 0.294313 1.70343 0.0115495
1.8125 0.368039 0.280626 1.68072 0.0122483
1.875 0.346023 0.267567 1.66088 0.0128667
1.9375 0.325979 0.25511 1.64279 0.013341
2 0.30761 0.24323 1.62591 0.0137906
2.0625 0.290067 0.231902 1.60646 0.0142527
2.125 0.273412 0.221102 1.58509 0.0147438
2.1875 0.258604 0.210806 1.568 0.0153913
2.25 0.245664 0.200992 1.55652 0.0160909
2.3125 0.233262 0.191641 1.54313 0.0168641
2.375 0.220674 0.182733 1.52305 0.0177072
2.4375 0.208309 0.174246 1.49881 0.0184656
2.5 0.19707 0.166159 1.47713 0.0191543
2.5625 0.186909 0.158455 1.45842 0.0196563
2.625 0.178075 0.151117 1.44549 0.0201099
2.6875 0.170198 0.144129 1.43629 0.0207679
2.75 0.162214 0.137474 1.42227 0.0215912
2.8125 0.153746 0.131138 1.39971 0.0223991
2.875 0.145954 0.125105 1.37891 0.0233936
2.9375 0.139509 0.119361 1.36697 0.0243836
3 0.134227 0.113891 1.36331 0.0250863
3.0625 0.129376 0.108685 1.36136 0.0254772
3.125 0.124125 0.103728 1.35244 0.0258874
3.1875 0.118584 0.0990075 1.33722 0.0266914
3.25 0.113826 0.0945112 1.32778 0.0277658
3.3125 0.109128 0.090229 1.31618 0.0288628
3.375 0.104343 0.0861513 1.30058 0.0300592
3.4375 0.100044 0.0822682 1.28814 0.0313001
3.5 0.0966213 0.078571 1.28454 0.0326412
3.5625 0.0936968 0.0750503 1.28563 0.0339078
3.625 0.0912261 0.0716969 1.29135 0.0349674
3.6875 0.0885319 0.0685022 1.29236 0.0358553
3.75 0.0853342 0.0654589 1.28407 0.0369509
3.8125 0.0821544 0.0625597 1.27382 0.0382651
3.875 0.0792459 0.0597973 1.26561 0.0392223
3.9375 0.0759352 0.0571648 1.24867 0.0403458
4 0.072532 0.0546559 1.22761 0.0416482
4.0625 0.0696787 0.0522661 1.21339 0.0428671
4.125 0.0675065 0.04999 1.20911 0.0438784
4.1875 0.0651726 0.0478224 1.20021 0.0449107
4.25 0.0631268 0.0457571 1.1949 0.0464485
4.3125 0.0611044 0.0437876 1.18844 0.0480414
4.375 0.0593159 0.0419098 1.18501 0.0493812
4.4375 0.0572878 0.0401201 1.17523 0.0507753
4.5 0.0553207 0.0384148 1.165 0.0516712
4.5625 0.0533925 0.0367897 1.15389 0.0521878
4.625 0.0519394 0.0352405 1.1516 0.0529859
4.6875 0.0510346 0.0337622 1.16055 0.0545284
4.75 0.0498202 0.032352 1.16165 0.0556451
4.8125 0.0481365 0.0310065 1.15052 0.0565816
4.875 0.0459347 0.0297219 1.12511 0.0579651
4.9375 0.0439963 0.0284948 1.10404 0.0601524
5 0.0428045 0.0273228 1.10017 0.0619129
5.0625 0.0425055 0.0262034 1.11868 0.0639695
5.125 0.0421729 0.0251338 1.13626 0.0659243
5.1875 0.041837 0.0241123 1.15366 0.0677511
5.25 0.0408956 0.0231374 1.15388 0.0693183
5.3125 0.0392755 0.0222076 1.13363 0.070553
5.375 0.0374575 0.02132 1.10574 0.0715861
5.4375 0.0363866 0.0204726 1.09831 0.0725753
5.5 0.0356383 0.0196632 1.09968 0.0739847
5.5625 0.0347529 0.0188898 1.09601 0.0759747
5.625 0.034136 0.0181518 1.10005 0.0786914
5.6875 0.0340414 0.0174476 1.12071 0.081078
5.75 0.0333252 0.016775 1.12061 0.0828284
5.8125 0.0315809 0.0161317 1.08446 0.08427
5.875 0.0296782 0.0155166 1.04051 0.0852002
5.9375 0.0282474 0.0149286 1.01092 0.0859121
6 0.0281157 0.0143659 1.02692 0.0874652
6.0625 0.0280327 0.0138272 1.04476 0.0898148
6.125 0.0273442 0.0133115 1.03967 0.0925796
6.1875 0.0266884 0.0128174 1.03503 0.0949753
6.25 0.026622 0.0123432 1.05292 0.0972603
6.3125 0.0272658 0.0118874 1.09955 0.0994093
6.375 0.027586 0.0114497 1.1341 0.100892
6.4375 0.0269805 0.01103 1.13058 0.10096
6.5 0.0264855 0.0106278 1.13103 0.100155
6.5625 0.0266509 0.010242 1.15963 0.100867
6.625 0.0263723 0.00987223 1.16904 0.103021
6.6875 0.0256957 0.00951841 1.16023 0.10485
6.75 0.0252863 0.00917972 1.16278 0.107078
6.8125 0.0244205 0.00885535 1.14349 0.109797
6.875 0.0234917 0.00854488 1.11992 0.111888
6.9375 0.0229262 0.00824663 1.11259 0.112958
7 0.0232725 0.00796016 1.1495 0.114543
7.0625 0.0240278 0.00768467 1.20776 0.115717
7.125 0.0234829 0.00742027 1.20104 0.117243
7.1875 0.0221199 0.00716629 1.15097 0.119723
7.25 0.0207719 0.00692141 1.09943 0.122062
7.3125 0.0196616 0.0066855 1.05844 0.125329
7.375 0.0191275 0.00645797 1.04712 0.128843
7.4375 0.0194377 0.00623867 1.08197 0.130886
7.5 0.019649 0.00602736 1.11196 0.133211
7.5625 0.0188535 0.00582376 1.08458 0.136973
7.625 0.0175149 0.0056268 1.02409 0.139824
7.6875 0.0163205 0.00543694 0.969775 0.140619
7.75 0.0157546 0.00525374 0.951258 0.139554
7.8125 0.0154445 0.00507622 0.94747 0.139939
7.875 0.0153946 0.0049043 0.959411 0.143012
7.9375 0.0154673 0.00473857 0.979138 0.146699
8 0.0154476 0.00457862 0.993194 0.149833
8.0625 0.015009 0.00442496 0.979979 0.152625
8.125 0.0142666 0.00427688 0.945864 0.156666
8.1875 0.013888 0.004133 0.934851 0.161659
8.25 0.0138064 0.00399308 0.943469 0.165215
8.3125 0.0137418 0.00385768 0.953201 0.167701
8.375 0.0138827 0.0037276 0.977385 0.170258
8.4375 0.0145626 0.00360306 1.04048 0.172404
8.5 0.0140735 0.00348388 1.02037 0.174558
8.5625 0.0128623 0.00336892 0.946208 0.177754
8.625 0.0120813 0.00325757 0.90167 0.18074
8.6875 0.0119687 0.00314934 0.906165 0.185388
8.75 0.012014 0.00304395 0.922633 0.189788
8.8125 0.0119194 0.00294084 0.928397 0.191454
8.875 0.0120185 0.00283993 0.94934 0.190216
8.9375 0.0125586 0.00274134 1.00593 0.188454
9 0.0131169 0.00264525 1.06529 0.189187
9.0625 0.0129175 0.00255183 1.06362 0.190819
9.125 0.0120676 0.002462 1.0073 0.19311
9.1875 0.0107517 0.00237629 0.909718 0.19649
9.25 0.00915042 0.00229532 0.784734 0.199451
9.3125 0.00881615 0.00221811 0.76626 0.202302
9.375 0.00968335 0.00214467 0.852905 0.204804
9.4375 0.0102295 0.00207448 0.912998 0.208225
9.5 0.0100459 0.00200718 0.908463 0.211792
9.5625 0.00929039 0.00194367 0.851181 0.214462
9.625 0.00890479 0.00188399 0.826502 0.217946
9.6875 0.00847092 0.00182798 0.796432 0.223529
9.75 0.0083687 0.0017753 0.796964 0.227792
9.8125 0.00867004 0.00172553 0.836239 0.228006
9.875 0.00882551 0.0016784 0.862072 0.229723
9.9375 0.00909928 0.00163426 0.90006 0.231816
10 0.00971954 0.00159147 0.973503 0.234598
10.0625 0.00976171 0.00154875 0.989944 0.237537
10.125 0.00933361 0.00150712 0.958285 0.239106
10.1875 0.00899544 0.00146752 0.934965 0.240228
10.25 0.00846249 0.00142983 0.890363 0.242223
10.3125 0.00734816 0.00139459 0.782551 0.245319
10.375 0.00665927 0.00136129 0.717785 0.250418
10.4375 0.00701776 0.00133035 0.765543 0.255711
10.5 0.00790581 0.00130224 0.872752 0.260236
10.5625 0.0082287 0.00127652 0.91922 0.264798
10.625 0.00789459 0.00125262 0.892344 0.270331
10.6875 0.00749427 0.00122959 0.85707 0.275304
10.75 0.00717418 0.00120605 0.830068 0.279698
10.8125 0.00737974 0.00118208 0.863787 0.279808
10.875 0.00812756 0.00115833 0.962326 0.278674
10.9375 0.00909006 0.00113638 1.08867 0.279498
11 0.00949192 0.00111642 1.14981 0.283663
11.0625 0.0090339 0.00109758 1.10677 0.286989
11.125 0.00813857 0.00107926 1.00836 0.288011
11.1875 0.00756805 0.00106146 0.948225 0.290328
11.25 0.00768751 0.00104479 0.973968 0.292249
11.3125 0.00797249 0.00102972 1.02131 0.295952
11.375 0.00766673 0.00101579 0.993012 0.302063
11.4375 0.00676407 0.00100265 0.885739 0.306204
11.5 0.00661832 0.000989662 0.87614 0.305439
11.5625 0.00679873 0.000977682 0.909821 0.305986
11.625 0.00667418 0.000967858 0.902827 0.310714
11.6875 0.0065423 0.000959767 0.894521 0.318151
11.75 0.00643288 0.000953985 0.888988 0.324473
11.8125 0.0059202 0.000949397 0.826862 0.327464
11.875 0.00553939 0.000945848 0.78188 0.329808
11.9375 0.00543616 0.000944878 0.775407 0.332493
12 0.00571668 0.000945872 0.823981 0.337904
12.0625 0.00656842 0.00094684 0.956636 0.343184
12.125 0.00818861 0.000946926 1.205 0.347263
12.1875 0.00941395 0.000946009 1.39963 0.3509
12.25 0.00925039 0.000943753 1.38945 0.354079
12.3125 0.00873427 0.000940831 1.32534 0.357681
12.375 0.00868092 0.000937137 1.33065 0.362933
12.4375 0.00862815 0.000932944 1.33595 0.363918
12.5 0.00787247 0.000929236 1.23122 0.361751
12.5625 0.0076504 0.000927121 1.20848 0.362308
12.625 0.00843768 0.000927153 1.34614 0.368265
12.6875 0.00936685 0.00092884 1.50921 0.371091
12.75 0.00912493 0.000931394 1.48475 0.372419
12.8125 0.00855004 0.000934468 1.40489 0.375196
12.875 0.00789852 0.00093774 1.31053 0.374735
12.9375 0.00678257 0.000941752 1.13633 0.375633
13 0.00574631 0.000946181 0.972046 0.380811
13.0625 0.00548286 0.000950847 0.936425 0.38843
13.125 0.00601332 0.000956035 1.03688 0.395433
13.1875 0.00618118 0.000960541 1.076 0.402352
13.25 0.00593193 0.000964065 1.04243 0.409872
13.3125 0.00573772 0.000966097 1.01784 0.412703
13.375 0.0058669 0.000966551 1.05055 0.411266
13.4375 0.00628624 0.000967166 1.13618 0.412515
13.5 0.00663131 0.000968079 1.20973 0.419764
13.5625 0.00678996 0.000968331 1.25017 0.425721
13.625 0.00645365 0.000967493 1.19922 0.427487
13.6875 0.00627298 0.000966203 1.17637 0.430023
13.75 0.00624251 0.000964734 1.18136 0.437019
13.8125 0.00598128 0.000963005 1.14224 0.447797
13.875 0.00529777 0.000961072 1.02089 0.456928
13.9375 0.0051784 0.000958716 1.00689 0.462854
14 0.00500241 0.000955533 0.98141 0.469488
14.0625 0.00460521 0.000952068 0.911567 0.480148
14.125 0.00454768 0.000948879 0.908195 0.490592
14.1875 0.00502686 0.000945439 1.01279 0.502844
14.25 0.00537388 0.000940836 1.09226 0.512475
14.3125 0.00581214 0.000935049 1.19172 0.514305
14.375 0.00580688 0.00092826 1.20105 0.511083
14.4375 0.00527103 0.000920557 1.09971 0.515409
14.5 0.0051925 0.000912219 1.09272 0.528546
14.5625 0.00615096 0.000903743 1.30559 0.53911
14.625 0.00725765 0.00089573 1.55374 0.541367
14.6875 0.00741089 0.000889419 1.60012 0.54358
14.75 0.00725821 0.000883869 1.58051 0.549265
14.8125 0.00800593 0.000878139 1.75813 0.555174
14.875 0.00898819 0.000873894 1.99052 0.561066
14.9375 0.00998914 0.000870489 2.23081 0.568359
15 0.00992715 0.000866928 2.23555 0.574022
15.0625 0.00900997 0.000862923 2.04594 0.580506
15.125 0.00799385 0.000858531 1.83029 0.587233
15.1875 0.00756251 0.000853413 1.74586 0.596929
15.25 0.00766306 0.000847999 1.78365 0.607948
15.3125 0.00831278 0.000842817 1.95076 0.616246
15.375 0.00834944 0.000837367 1.97538 0.619795
15.4375 0.00763852 0.000832221 1.8219 0.622185
15.5 0.00758838 0.000826929 1.82462 0.634835
15.5625 0.00776428 0.000821176 1.88199 0.654933
15.625 0.00789673 0.000815062 1.92948 0.67529
15.6875 0.00807019 0.000809301 1.98766 0.694116
15.75 0.0083095 0.000803823 2.06293 0.718526
15.8125 0.00885275 0.000799649 2.21527 0.742085
15.875 0.00914646 0.000796854 2.30689 0.770329
15.9375 0.00949772 0.000795304 2.41438 0.810688
