0.0625 0.547504 0.994715 0.404689 0.0017929
0.125 1.48443 0.984646 1.51067 0.00253635
0.1875 1.46162 0.972548 1.8718 0.00314394
0.25 1.21898 0.958589 1.83975 0.00361591
0.3125 1.08355 0.943043 1.85781 0.00406966
0.375 0.992549 0.926166 1.89043 0.00448363
0.4375 0.924883 0.908189 1.92819 0.00485085
0.5 0.870772 0.889313 1.96675 0.00519274
0.5625 0.82548 0.869715 2.00474 0.00553163
0.625 0.786432 0.849553 2.04191 0.00586861
0.6875 0.751976 0.828964 2.07808 0.00619541
0.75 0.72095 0.808071 2.11294 0.00650942
0.8125 0.692542 0.786984 2.14625 0.00681581
0.875 0.666308 0.765798 2.17821 0.00712329
0.9375 0.64191 0.744597 2.20897 0.00743341
1 0.619014 0.723456 2.23839 0.0077407
1.0625 0.597587 0.70244 2.26717 0.00803572
1.125 0.577421 0.681606 2.29527 0.00832011
1.1875 0.558228 0.661005 2.32213 0.00861428
1.25 0.53994 0.64068 2.34792 0.00891592
1.3125 0.522651 0.620666 2.3735 0.00922186
1.375 0.50614 0.600996 2.39827 0.00953165
1.4375 0.490304 0.581698 2.42209 0.00986056
1.5 0.47521 0.562792 2.44557 0.0102039
1.5625 0.460788 0.544298 2.46866 0.0105741
1.625 0.446974 0.526231 2.49128 0.0109581
1.6875 0.433745 0.508601 2.51355 0.0113351
1.75 0.421014 0.491418 2.5352 0.0117041
1.8125 0.408732 0.474688 2.55609 0.0121006
1.875 0.3969 0.458414 2.57642 0.0125288
1.9375 0.385373 0.442598 2.59535 0.0129624
2 0.374228 0.427239 2.6135 0.0133869
2.0625 0.363604 0.412336 2.63201 0.0137686
2.125 0.353421 0.397884 2.65052 0.0141415
2.1875 0.343528 0.383881 2.66805 0.0145269
2.25 0.333835 0.370319 2.68396 0.0149661
2.3125 0.324441 0.357193 2.6991 0.0154284
2.375 0.31543 0.344495 2.71428 0.0158745
2.4375 0.306785 0.332218 2.72953 0.0163284
2.5 0.298374 0.320352 2.74383 0.016828
2.5625 0.290266 0.30889 2.75789 0.0173168
2.625 0.282512 0.297821 2.77234 0.017796
2.6875 0.275024 0.287137 2.78651 0.0183044
2.75 0.267863 0.276828 2.80115 0.0188374
2.8125 0.261052 0.266884 2.81669 0.0193629
2.875 0.254499 0.257295 2.83234 0.0198445
2.9375 0.248173 0.248051 2.84788 0.020328
3 0.242043 0.239141 2.86306 0.0208891
3.0625 0.236129 0.230557 2.87823 0.0215168
3.125 0.230376 0.222287 2.89279 0.022163
3.1875 0.224658 0.214321 2.9052 0.0228314
3.25 0.218983 0.206651 2.9155 0.0235055
3.3125 0.213499 0.199266 2.92563 0.0241724
3.375 0.208263 0.192156 2.93651 0.0247978
3.4375 0.203235 0.185313 2.94776 0.0253442
3.5 0.198351 0.178727 2.95858 0.025901
3.5625 0.193615 0.172389 2.96908 0.0265037
3.625 0.189 0.16629 2.97895 0.0272231
3.6875 0.18452 0.160423 2.98846 0.0280051
3.75 0.180229 0.154778 2.99858 0.028735
3.8125 0.17613 0.149348 3.00954 0.0293638
3.875 0.172174 0.144124 3.02064 0.0300071
3.9375 0.168332 0.139099 3.03148 0.0307357
4 0.164537 0.134264 3.04087 0.0314992
4.0625 0.160789 0.129614 3.04882 0.0322372
4.125 0.157361 0.12514 3.06061 0.032972
4.1875 0.154095 0.120835 3.07347 0.0337402
4.25 0.150801 0.116694 3.08369 0.034569
4.3125 0.14757 0.112709 3.09307 0.0353886
4.375 0.144542 0.108876 3.10465 0.0361796
4.4375 0.141609 0.105189 3.11629 0.0369238
4.5 0.138669 0.101641 3.12575 0.0377401
4.5625 0.135775 0.0982268 3.1342 0.0385942
4.625 0.133026 0.0949422 3.14401 0.039458
4.6875 0.130371 0.0917818 3.15408 0.0402626
4.75 0.12793 0.0887407 3.1675 0.0410336
4.8125 0.125634 0.0858141 3.18284 0.04192
4.875 0.123223 0.0829972 3.19352 0.0429856
4.9375 0.120674 0.0802859 3.1987 0.0442352
5 0.118252 0.0776758 3.20528 0.0455418
5.0625 0.116052 0.0751631 3.21602 0.0466901
5.125 0.114011 0.0727437 3.22951 0.0476513
5.1875 0.11199 0.0704137 3.24194 0.048621
5.25 0.109939 0.0681696 3.25188 0.0497198
5.3125 0.10776 0.066008 3.25621 0.0509244
5.375 0.105564 0.0639258 3.25807 0.0520621
5.4375 0.103408 0.0619196 3.2592 0.0531694
5.5 0.101281 0.0599863 3.25927 0.0542859
5.5625 0.0992222 0.0581234 3.25953 0.0554109
5.625 0.0972503 0.0563277 3.26073 0.0566131
5.6875 0.0954124 0.0545965 3.26461 0.0580031
5.75 0.0936984 0.0529271 3.27103 0.0593872
5.8125 0.0919774 0.0513172 3.27556 0.0605078
5.875 0.0902585 0.0497644 3.27848 0.0613866
5.9375 0.0886359 0.0482665 3.28323 0.0622853
6 0.0871289 0.0468214 3.29072 0.0635024
6.0625 0.0857888 0.0454269 3.30312 0.0649604
6.125 0.0846048 0.0440808 3.32037 0.0665424
6.1875 0.0835136 0.0427816 3.34023 0.0680275
6.25 0.0824278 0.0415275 3.35934 0.0693839
6.3125 0.0813355 0.0403171 3.37719 0.0706017
6.375 0.0801446 0.0391486 3.38983 0.0715137
6.4375 0.0787658 0.0380206 3.39317 0.0723241
6.5 0.077318 0.0369314 3.39196 0.0733364
6.5625 0.0759351 0.0358796 3.39195 0.0744629
6.625 0.0746925 0.0348638 3.39672 0.0754587
6.6875 0.0735315 0.0338827 3.40386 0.0764772
6.75 0.072419 0.0329349 3.41197 0.07766
6.8125 0.0712733 0.0320193 3.41722 0.0788312
6.875 0.0701183 0.031135 3.42069 0.0798217
6.9375 0.069198 0.0302809 3.43442 0.0809247
7 0.0684553 0.0294562 3.45612 0.0821304
7.0625 0.0676974 0.0286596 3.4763 0.0834322
7.125 0.066823 0.0278903 3.48964 0.0848425
7.1875 0.0658428 0.0271471 3.49637 0.0865074
7.25 0.0648103 0.0264292 3.49907 0.0880073
7.3125 0.0638589 0.0257354 3.50491 0.0891192
7.375 0.0630672 0.025065 3.51846 0.0902246
7.4375 0.0622566 0.0244173 3.53001 0.0917454
7.5 0.0612703 0.0237914 3.53045 0.0933398
7.5625 0.0601812 0.0231864 3.52355 0.0945555
7.625 0.0591782 0.0226017 3.52022 0.0955397
7.6875 0.0582128 0.0220362 3.51776 0.096859
7.75 0.0571986 0.0214894 3.51094 0.0985786
7.8125 0.0561999 0.0209607 3.50361 0.100059
7.875 0.0553214 0.0204492 3.50241 0.101436
7.9375 0.0545698 0.0199543 3.50811 0.102867
8 0.0537227 0.0194752 3.50655 0.104288
8.0625 0.052698 0.0190111 3.49196 0.105637
8.125 0.05177 0.0185614 3.48227 0.106985
8.1875 0.0509701 0.0181254 3.47987 0.108585
8.25 0.05016 0.0177025 3.47554 0.110218
8.3125 0.0492467 0.0172922 3.46271 0.111587
8.375 0.0483326 0.0168939 3.44833 0.112916
8.4375 0.0474654 0.016507 3.43584 0.114273
8.5 0.0466633 0.0161312 3.4267 0.11604
8.5625 0.0459491 0.0157662 3.42279 0.118436
8.625 0.0452119 0.0154115 3.41599 0.120879
8.6875 0.044338 0.0150667 3.39749 0.122591
8.75 0.0433285 0.0147314 3.36694 0.123823
8.8125 0.0425039 0.0144053 3.34911 0.12528
8.875 0.0420248 0.0140881 3.35741 0.127091
8.9375 0.0415175 0.0137799 3.36271 0.129501
9 0.0408188 0.0134805 3.3515 0.132232
9.0625 0.0400626 0.0131895 3.33428 0.134858
9.125 0.0392819 0.0129066 3.3136 0.137385
9.1875 0.0385264 0.0126316 3.29362 0.139813
9.25 0.0378592 0.0123643 3.27988 0.141458
9.3125 0.0372352 0.0121046 3.2687 0.142466
9.375 0.0366822 0.0118523 3.26269 0.143288
9.4375 0.0362644 0.0116074 3.26787 0.144139
9.5 0.0358728 0.0113694 3.27475 0.145018
9.5625 0.0353927 0.0111383 3.27281 0.146067
9.625 0.0349386 0.0109137 3.27245 0.147346
9.6875 0.0346297 0.0106953 3.28505 0.149252
9.75 0.0343582 0.010483 3.30078 0.151204
9.8125 0.0339444 0.0102764 3.30228 0.152198
9.875 0.033485 0.0100753 3.29854 0.153178
9.9375 0.0331035 0.0098797 3.30172 0.154808
10 0.0327975 0.00968941 3.31184 0.156879
10.0625 0.032601 0.00950428 3.33265 0.158861
10.125 0.0325363 0.00932423 3.36687 0.160357
10.1875 0.0322997 0.00914913 3.38318 0.161669
10.25 0.031889 0.00897897 3.38069 0.163446
10.3125 0.0315072 0.00881374 3.38051 0.165305
10.375 0.0311731 0.00865349 3.38478 0.167092
10.4375 0.0309197 0.00849822 3.3973 0.168929
10.5 0.0306645 0.00834771 3.40922 0.170911
10.5625 0.030179 0.00820178 3.39481 0.172617
10.625 0.0295979 0.00806051 3.36847 0.174433
10.6875 0.029128 0.00792392 3.35365 0.176243
10.75 0.028846 0.00779187 3.3597 0.177937
10.8125 0.0285632 0.00766412 3.36511 0.179779
10.875 0.028252 0.00754059 3.36662 0.182562
10.9375 0.0279509 0.00742119 3.36873 0.185886
11 0.0276436 0.00730596 3.3695 0.18871
11.0625 0.0272762 0.00719474 3.36222 0.19142
11.125 0.0270042 0.00708743 3.36605 0.193949
11.1875 0.0269025 0.00698392 3.39081 0.196502
11.25 0.0267559 0.00688421 3.40976 0.199563
11.3125 0.0264825 0.00678813 3.4122 0.203142
11.375 0.0261408 0.00669551 3.40518 0.206368
11.4375 0.0256365 0.00660613 3.37598 0.209389
11.5 0.0251202 0.0065196 3.34394 0.21217
11.5625 0.0248592 0.00643581 3.34499 0.214772
11.625 0.0248361 0.00635463 3.37783 0.21721
11.6875 0.0248013 0.00627606 3.40919 0.219887
11.75 0.024726 0.00620009 3.43503 0.223239
11.8125 0.0245719 0.0061265 3.44978 0.226948
11.875 0.0244221 0.00605506 3.46487 0.230994
11.9375 0.0242871 0.00598573 3.48185 0.2347
12 0.0241331 0.00591836 3.49586 0.237626
12.0625 0.0239663 0.00585283 3.50772 0.239212
12.125 0.0237858 0.00578915 3.51725 0.24067
12.1875 0.0236089 0.00572739 3.52696 0.243324
12.25 0.0233625 0.00566752 3.52582 0.246973
12.3125 0.0230394 0.0056094 3.51242 0.249776
12.375 0.022859 0.00555275 3.52018 0.25224
12.4375 0.0227831 0.00549742 3.54383 0.254347
12.5 0.0227097 0.00544342 3.56781 0.256404
12.5625 0.0225425 0.00539085 3.57686 0.258658
12.625 0.0224254 0.00533935 3.59359 0.260867
12.6875 0.0223672 0.00528883 3.61965 0.263019
12.75 0.0223154 0.00523928 3.64675 0.265733
12.8125 0.0222359 0.00519056 3.6693 0.268665
12.875 0.022246 0.00514267 3.70668 0.2708
12.9375 0.0223594 0.00509552 3.76166 0.272447
13 0.0224995 0.00504904 3.82171 0.27483
13.0625 0.0224442 0.00500335 3.84889 0.277725
13.125 0.0222626 0.0049584 3.8542 0.281069
13.1875 0.0222598 0.00491416 3.89032 0.284055
13.25 0.0224444 0.00487059 3.95969 0.286696
13.3125 0.0225908 0.00482774 4.02302 0.289779
13.375 0.0225822 0.00478579 4.05916 0.293123
13.4375 0.022423 0.00474458 4.06814 0.296708
13.5 0.0222304 0.00470394 4.07064 0.300169
13.5625 0.0221235 0.00466369 4.0885 0.303317
13.625 0.0220396 0.00462372 4.11045 0.306282
13.6875 0.0219233 0.00458428 4.12619 0.30943
13.75 0.0217697 0.00454551 4.13463 0.31301
13.8125 0.0215407 0.00450746 4.12825 0.316902
13.875 0.021355 0.00447009 4.12962 0.320851
13.9375 0.0211968 0.00443347 4.1359 0.32565
14 0.0210365 0.00439761 4.14136 0.331105
14.0625 0.020901 0.0043626 4.15137 0.33653
14.125 0.0207759 0.00432833 4.16313 0.341693
14.1875 0.0206638 0.00429477 4.17726 0.346976
14.25 0.0205339 0.00426191 4.18751 0.352703
14.3125 0.0203449 0.00422983 4.18531 0.358356
14.375 0.0201125 0.00419859 4.17359 0.363758
14.4375 0.0199003 0.00416785 4.16541 0.368862
14.5 0.0196986 0.00413741 4.15883 0.374151
14.5625 0.0195715 0.00410737 4.16758 0.380126
14.625 0.0195438 0.00407784 4.19735 0.387481
14.6875 0.0195364 0.00404892 4.23158 0.396469
14.75 0.019483 0.00402079 4.25588 0.405186
14.8125 0.0194856 0.00399357 4.29249 0.412517
14.875 0.0194847 0.00396752 4.32847 0.418885
14.9375 0.0195619 0.00394256 4.3821 0.424488
15 0.0197095 0.00391872 4.45209 0.430138
15.0625 0.0197988 0.0038959 4.5095 0.437264
15.125 0.0198881 0.00387424 4.5674 0.445753
15.1875 0.0199777 0.0038539 4.62589 0.454034
15.25 0.0199688 0.00383492 4.66186 0.46276
15.3125 0.0198961 0.00381746 4.68297 0.472584
15.375 0.0197982 0.00380158 4.69797 0.482096
15.4375 0.0196833 0.00378728 4.70868 0.490509
15.5 0.01962 0.0037746 4.73157 0.498832
15.5625 0.0196413 0.00376353 4.77491 0.508062
15.625 0.0195766 0.00375412 4.79745 0.51849
15.6875 0.019328 0.0037463 4.77446 0.528962
15.75 0.0191643 0.00373988 4.77179 0.537972
15.8125 0.0191184 0.00373484 4.79819 0.545567
15.875 0.0190903 0.00373133 4.82908 0.552233
15.9375 0.0190076 0.00372937 4.84609 0.557699
