0.0625 0.17985 0.997403 0.270559 0.00424428
0.125 0.528714 0.991622 0.986013 0.00525253
0.1875 0.590143 0.983355 1.24642 0.00593238
0.25 0.602255 0.973014 1.39483 0.00648833
0.3125 0.603615 0.960911 1.50801 0.00697742
0.375 0.601223 0.947303 1.60438 0.00741945
0.4375 0.596853 0.932409 1.69019 0.00782643
0.5 0.591221 0.916423 1.7685 0.00820861
0.5625 0.584725 0.899516 1.8412 0.00857695
0.625 0.577683 0.88184 1.90977 0.00893588
0.6875 0.570216 0.863534 1.97497 0.00928029
0.75 0.562349 0.84472 2.0371 0.00961761
0.8125 0.554181 0.825511 2.09667 0.0099587
0.875 0.54581 0.806008 2.15414 0.0103036
0.9375 0.537259 0.786302 2.20966 0.0106404
1 0.528531 0.766474 2.26327 0.0109704
1.0625 0.519647 0.746598 2.31503 0.011302
1.125 0.510626 0.726741 2.36501 0.0116446
1.1875 0.501577 0.706959 2.41366 0.0119986
1.25 0.492576 0.687306 2.46135 0.0123663
1.3125 0.483646 0.667828 2.50821 0.0127434
1.375 0.4748 0.648566 2.5543 0.0131397
1.4375 0.465949 0.629555 2.59915 0.0135475
1.5 0.457092 0.610828 2.64268 0.0139628
1.5625 0.448297 0.59241 2.68523 0.0143854
1.625 0.439601 0.574325 2.72702 0.0148088
1.6875 0.43101 0.556593 2.76804 0.0152216
1.75 0.422495 0.539229 2.8081 0.0156392
1.8125 0.41408 0.522248 2.84733 0.0160844
1.875 0.405826 0.505658 2.88612 0.0165429
1.9375 0.397683 0.489469 2.92414 0.0169926
2 0.389678 0.473686 2.96157 0.0174183
2.0625 0.381781 0.458313 2.99816 0.0178428
2.125 0.374005 0.443353 3.03399 0.0182639
2.1875 0.366388 0.428804 3.06939 0.0187046
2.25 0.358909 0.414667 3.10418 0.0191868
2.3125 0.351556 0.40094 3.13825 0.0196955
2.375 0.344337 0.387618 3.17167 0.0202217
2.4375 0.337296 0.374698 3.20487 0.0207592
2.5 0.330412 0.362174 3.23768 0.0213197
2.5625 0.323648 0.350041 3.26975 0.0219211
2.625 0.317017 0.338292 3.30123 0.0225299
2.6875 0.310555 0.326921 3.33249 0.0231285
2.75 0.304307 0.315918 3.36411 0.0237269
2.8125 0.29824 0.305277 3.39578 0.0243374
2.875 0.29229 0.294991 3.42684 0.0249624
2.9375 0.286378 0.285049 3.45637 0.0256264
3 0.280531 0.275444 3.48458 0.0263056
3.0625 0.274774 0.266167 3.51181 0.0269673
3.125 0.269117 0.257209 3.53814 0.0276096
3.1875 0.263572 0.248562 3.56375 0.0282595
3.25 0.258173 0.240215 3.58911 0.0289346
3.3125 0.252888 0.232161 3.61384 0.0296583
3.375 0.247702 0.22439 3.63775 0.0304132
3.4375 0.242683 0.216894 3.66189 0.0311937
3.5 0.237795 0.209664 3.68576 0.0319824
3.5625 0.232964 0.202691 3.70827 0.0327918
3.625 0.228164 0.195968 3.72898 0.0336058
3.6875 0.223456 0.189486 3.74883 0.0344146
3.75 0.218871 0.183237 3.76838 0.0352006
3.8125 0.214423 0.177212 3.78795 0.0359944
3.875 0.210087 0.171405 3.80715 0.0367979
3.9375 0.205863 0.165808 3.82608 0.0376248
4 0.201818 0.160412 3.84603 0.0384859
4.0625 0.197922 0.155212 3.86664 0.0394119
4.125 0.194084 0.1502 3.88616 0.0403848
4.1875 0.190277 0.14537 3.90406 0.0413801
4.25 0.186515 0.140714 3.92061 0.0423556
4.3125 0.182848 0.136227 3.93684 0.0433117
4.375 0.17927 0.131902 3.9527 0.0442325
4.4375 0.175826 0.127733 3.96927 0.0451339
4.5 0.172522 0.123716 3.98681 0.0460108
4.5625 0.169311 0.119843 4.00434 0.0469753
4.625 0.166153 0.116111 4.021 0.0480221
4.6875 0.163021 0.112514 4.03612 0.0491084
4.75 0.159938 0.109046 4.05027 0.0501871
4.8125 0.156895 0.105703 4.06321 0.0512952
4.875 0.153911 0.102481 4.07546 0.0524442
4.9375 0.150939 0.0993753 4.08576 0.0536626
5 0.14803 0.0963808 4.09548 0.054972
5.0625 0.145223 0.0934939 4.10578 0.0562874
5.125 0.142478 0.0907105 4.11561 0.0575652
5.1875 0.139786 0.0880267 4.12475 0.0588599
5.25 0.137129 0.0854386 4.13271 0.0601389
5.3125 0.134516 0.0829425 4.13975 0.0614276
5.375 0.131983 0.0805348 4.14704 0.0627336
5.4375 0.129547 0.0782121 4.15524 0.0640108
5.5 0.127232 0.075971 4.1652 0.0651935
5.5625 0.124995 0.0738085 4.17572 0.0664092
5.625 0.122836 0.0717216 4.1869 0.0676102
5.6875 0.120772 0.0697074 4.19943 0.0687991
5.75 0.118823 0.067763 4.21415 0.0700092
5.8125 0.116863 0.065886 4.2267 0.0712399
5.875 0.114866 0.0640737 4.2361 0.0723866
5.9375 0.112913 0.0623239 4.24519 0.0736001
6 0.111087 0.0606342 4.25728 0.0748619
6.0625 0.1094 0.0590024 4.27301 0.0761344
6.125 0.10781 0.0574262 4.29099 0.077435
6.1875 0.106257 0.0559036 4.30894 0.078754
6.25 0.1047 0.0544327 4.32528 0.0800642
6.3125 0.103111 0.0530114 4.33875 0.0813691
6.375 0.101511 0.0516379 4.35009 0.0827095
6.4375 0.0999467 0.0503104 4.36135 0.083922
6.5 0.0984325 0.0490272 4.37318 0.0850411
6.5625 0.0969421 0.0477868 4.38447 0.0862665
6.625 0.0954706 0.0465874 4.39502 0.0875737
6.6875 0.0940796 0.0454276 4.40772 0.0889484
6.75 0.0927944 0.0443057 4.42395 0.0902613
6.8125 0.0915904 0.0432204 4.44274 0.0914585
6.875 0.0903764 0.0421701 4.45976 0.0927167
6.9375 0.0891237 0.0411537 4.47353 0.0942634
7 0.0878403 0.0401697 4.48431 0.0961312
7.0625 0.0865981 0.0392167 4.49573 0.0980544
7.125 0.0854214 0.0382936 4.50914 0.0998846
7.1875 0.084278 0.0373991 4.52297 0.101588
7.25 0.0831519 0.036532 4.53639 0.103284
7.3125 0.0820277 0.0356915 4.54858 0.105013
7.375 0.0809052 0.0348763 4.5595 0.106796
7.4375 0.0797691 0.0340855 4.56825 0.108612
7.5 0.0786293 0.0333179 4.57534 0.110544
7.5625 0.0775445 0.0325728 4.5842 0.112548
7.625 0.0764851 0.0318493 4.59318 0.114447
7.6875 0.0754126 0.0311467 4.59998 0.116089
7.75 0.0743292 0.0304643 4.60468 0.117649
7.8125 0.0732397 0.0298014 4.6075 0.119228
7.875 0.0721567 0.0291574 4.60924 0.121064
7.9375 0.0711592 0.0285317 4.61498 0.123154
8 0.0702125 0.0279237 4.62268 0.125391
8.0625 0.0692357 0.0273328 4.62706 0.127649
8.125 0.0682518 0.0267585 4.62957 0.129712
8.1875 0.0672606 0.0262003 4.63013 0.131656
8.25 0.0662759 0.0256575 4.62969 0.133688
8.3125 0.0653136 0.0251297 4.62935 0.135817
8.375 0.0643681 0.0246161 4.62876 0.137879
8.4375 0.0633963 0.0241165 4.6248 0.139911
8.5 0.0624128 0.0236305 4.61846 0.141929
8.5625 0.0614682 0.0231576 4.61346 0.14401
8.625 0.0605125 0.0226974 4.60611 0.146151
8.6875 0.059575 0.0222495 4.5986 0.148364
8.75 0.058625 0.0218136 4.58857 0.150504
8.8125 0.0576898 0.0213892 4.57812 0.15294
8.875 0.0568358 0.020976 4.57262 0.155643
8.9375 0.0560827 0.0205738 4.57392 0.158305
9 0.0553553 0.0201824 4.57614 0.160606
9.0625 0.05466 0.0198014 4.57985 0.162523
9.125 0.0540019 0.0194309 4.58561 0.164138
9.1875 0.0533769 0.0190704 4.59315 0.16568
9.25 0.052761 0.0187198 4.60048 0.167233
9.3125 0.0521446 0.0183788 4.60679 0.168881
9.375 0.0515422 0.0180472 4.61333 0.170527
9.4375 0.0509188 0.0177248 4.61699 0.172079
9.5 0.0502935 0.0174111 4.61942 0.173495
9.5625 0.0497427 0.017106 4.6277 0.174926
9.625 0.0492704 0.0168092 4.64248 0.176461
9.6875 0.0487544 0.0165203 4.65234 0.178004
9.75 0.0481864 0.0162393 4.65634 0.179508
9.8125 0.0476421 0.0159659 4.66165 0.180993
9.875 0.0470564 0.0156998 4.66193 0.182719
9.9375 0.0464024 0.0154409 4.65428 0.184699
10 0.0457752 0.015189 4.64812 0.186842
10.0625 0.0452695 0.014944 4.65326 0.189004
10.125 0.0448725 0.0147056 4.66879 0.191052
10.1875 0.0444815 0.0144737 4.68432 0.193027
10.25 0.0440488 0.0142479 4.69477 0.195197
10.3125 0.0435792 0.0140283 4.70049 0.197473
10.375 0.0430752 0.0138144 4.7016 0.199884
10.4375 0.0426073 0.0136063 4.70573 0.202287
10.5 0.0421969 0.0134039 4.71542 0.204584
10.5625 0.0417704 0.0132069 4.72254 0.206847
10.625 0.0413104 0.0130152 4.72505 0.209658
10.6875 0.0408466 0.0128286 4.72624 0.212793
10.75 0.0404597 0.0126471 4.73551 0.215696
10.8125 0.040124 0.0124705 4.75014 0.21814
10.875 0.0398031 0.0122985 4.76595 0.220785
10.9375 0.03945 0.0121311 4.77732 0.223908
11 0.0391071 0.011968 4.78928 0.227492
11.0625 0.0387617 0.0118091 4.8003 0.231059
11.125 0.0384578 0.0116542 4.81587 0.234455
11.1875 0.038132 0.0115034 4.82815 0.237826
11.25 0.0377805 0.0113563 4.83652 0.241232
11.3125 0.0374133 0.0112129 4.84217 0.244578
11.375 0.0371032 0.011073 4.85457 0.248091
11.4375 0.0368331 0.0109365 4.87165 0.251679
11.5 0.0365697 0.0108032 4.88916 0.254987
11.5625 0.0363101 0.0106734 4.90672 0.258063
11.625 0.0360393 0.0105468 4.92228 0.261269
11.6875 0.0357717 0.0104235 4.93779 0.264642
11.75 0.0355745 0.0103034 4.96264 0.267608
11.8125 0.0354482 0.0101864 4.99718 0.270334
11.875 0.0353059 0.0100726 5.02934 0.272971
11.9375 0.035039 0.00996202 5.04344 0.275736
12 0.0346951 0.00985456 5.04581 0.278108
12.0625 0.034325 0.00975023 5.0436 0.280143
12.125 0.0339317 0.00964903 5.03709 0.282439
12.1875 0.0335668 0.00955098 5.03393 0.284992
12.25 0.0332891 0.00945605 5.04314 0.287809
12.3125 0.0330974 0.00936419 5.06491 0.29063
12.375 0.0329565 0.00927533 5.09422 0.293708
12.4375 0.0327773 0.00918941 5.11739 0.2967
12.5 0.0326174 0.00910636 5.14331 0.299856
12.5625 0.0324883 0.00902612 5.17389 0.302989
12.625 0.0324176 0.00894861 5.21372 0.306375
12.6875 0.0323826 0.00887368 5.25938 0.309948
12.75 0.0323596 0.00880118 5.30717 0.313881
12.8125 0.032298 0.00873097 5.34874 0.317712
12.875 0.0322475 0.00866296 5.39224 0.321278
12.9375 0.0322278 0.00859712 5.44103 0.324885
13 0.0321921 0.0085334 5.48728 0.328703
13.0625 0.0320432 0.00847171 5.51422 0.332605
13.125 0.0318846 0.00841193 5.53922 0.33678
13.1875 0.0317709 0.0083539 5.57183 0.341195
13.25 0.0317035 0.0082975 5.61252 0.346078
13.3125 0.0315869 0.00824265 5.64445 0.351389
13.375 0.0314404 0.0081892 5.67083 0.356897
13.4375 0.0312595 0.00813713 5.69073 0.362141
13.5 0.0309564 0.00808632 5.6878 0.367127
13.5625 0.0305812 0.00803673 5.67072 0.372228
13.625 0.0302818 0.00798838 5.66679 0.377215
13.6875 0.0301173 0.00794124 5.68757 0.38189
13.75 0.0300013 0.00789536 5.71726 0.386305
13.8125 0.0298746 0.00785085 5.74474 0.391084
13.875 0.0297002 0.00780773 5.76274 0.396262
13.9375 0.0295123 0.00776607 5.77776 0.401902
14 0.0293387 0.00772591 5.79515 0.40825
14.0625 0.0291683 0.00768733 5.81282 0.415001
14.125 0.028986 0.00765039 5.82775 0.421477
14.1875 0.0288196 0.00761506 5.84546 0.427665
14.25 0.0286804 0.00758142 5.86841 0.43437
14.3125 0.0285283 0.00754943 5.8884 0.441612
14.375 0.0283568 0.00751908 5.90405 0.448435
14.4375 0.0282506 0.00749032 5.93304 0.454973
14.5 0.028232 0.0074631 5.98041 0.461434
14.5625 0.0282552 0.00743734 6.03687 0.46776
14.625 0.028228 0.007413 6.0828 0.474063
14.6875 0.0281688 0.00738999 6.12188 0.481184
14.75 0.028136 0.00736827 6.16677 0.488888
14.8125 0.0281192 0.00734773 6.21531 0.496383
14.875 0.0281427 0.00732838 6.27298 0.503872
14.9375 0.0281836 0.00731022 6.3349 0.512159
15 0.0282036 0.00729325 6.39244 0.521804
15.0625 0.0281868 0.00727743 6.44187 0.531936
15.125 0.0281572 0.00726273 6.48853 0.541231
15.1875 0.0281243 0.00724913 6.53452 0.549651
15.25 0.0280377 0.0072366 6.56804 0.558255
15.3125 0.0279324 0.00722511 6.59704 0.567226
15.375 0.0278282 0.00721474 6.62613 0.576222
15.4375 0.0277557 0.00720547 6.66264 0.585129
15.5 0.0277001 0.00719724 6.70321 0.594074
15.5625 0.0276552 0.00719001 6.74636 0.602918
15.625 0.0276234 0.00718378 6.79279 0.611824
15.6875 0.0276135 0.0071786 6.84475 0.620527
15.75 0.0276461 0.00717445 6.90752 0.629318
15.8125 0.0277126 0.00717132 6.97919 0.637592
15.875 0.0277688 0.00716913 7.0487 0.645119
15.9375 0.027762 0.00716779 7.10257 0.651485
