0.0625 4.0598 0.961143 0.408123
0.125 11.5809 0.905731 1.91954
0.1875 10.188 0.853855 2.45082
0.25 7.46935 0.805317 2.39792
0.3125 5.72001 0.759682 2.3244
0.375 4.54847 0.716689 2.25769
0.4375 3.71541 0.676155 2.19597
0.5 3.09729 0.637923 2.13856
0.5625 2.62355 0.601861 2.08497
0.625 2.25082 0.567849 2.03454
0.6875 1.95025 0.535775 1.98567
0.75 1.70375 0.505531 1.93816
0.8125 1.49928 0.477015 1.89252
0.875 1.32741 0.450133 1.84827
0.9375 1.18059 0.424792 1.80392
1 1.05507 0.400906 1.76111
1.0625 0.946713 0.37839 1.71932
1.125 0.852491 0.357165 1.6784
1.1875 0.768602 0.337158 1.63515
1.25 0.695636 0.318296 1.59443
1.3125 0.633264 0.300511 1.55956
1.375 0.578521 0.283742 1.52705
1.4375 0.528774 0.267935 1.49257
1.5 0.483835 0.253036 1.45741
1.5625 0.443862 0.238991 1.42396
1.625 0.408597 0.225748 1.39354
1.6875 0.37819 0.213263 1.36889
1.75 0.35092 0.201493 1.34588
1.8125 0.325144 0.190396 1.31935
1.875 0.302042 0.179934 1.29486
1.9375 0.281862 0.170067 1.2749
2 0.263914 0.160761 1.25787
2.0625 0.247804 0.151986 1.24306
2.125 0.232231 0.143708 1.22466
2.1875 0.216522 0.135898 1.19904
2.25 0.201699 0.128525 1.17169
2.3125 0.189624 0.121567 1.15438
2.375 0.179445 0.115001 1.14371
2.4375 0.169143 0.108808 1.12764
2.5 0.159291 0.102966 1.10985
2.5625 0.149874 0.0974535 1.0904
2.625 0.138847 0.0922506 1.05397
2.6875 0.128312 0.0873372 1.01544
2.75 0.120609 0.082698 0.994334
2.8125 0.114336 0.0783146 0.981263
2.875 0.108018 0.0741722 0.964361
2.9375 0.102123 0.0702591 0.947802
3 0.0971612 0.0665636 0.936808
3.0625 0.0936452 0.0630755 0.937417
3.125 0.0899743 0.0597803 0.934521
3.1875 0.0856595 0.056667 0.922594
3.25 0.0809592 0.0537274 0.903684
3.3125 0.0769705 0.050951 0.889913
3.375 0.0732879 0.0483284 0.877188
3.4375 0.0705174 0.045851 0.873304
3.5 0.0670769 0.0435104 0.85907
3.5625 0.0632009 0.0412987 0.836662
3.625 0.0608978 0.0392096 0.832892
3.6875 0.0586243 0.0372341 0.827982
3.75 0.0558692 0.0353646 0.814464
3.8125 0.0521041 0.0335957 0.78367
3.875 0.0494776 0.031921 0.767435
3.9375 0.0469163 0.0303332 0.750141
4 0.0447239 0.0288272 0.736823
4.0625 0.0438288 0.0273988 0.743724
4.125 0.0449121 0.0260455 0.784644
4.1875 0.0444895 0.0247623 0.799938
4.25 0.0427235 0.0235452 0.790302
4.3125 0.0405994 0.0223894 0.772347
4.375 0.0386381 0.0212931 0.755647
4.4375 0.0376822 0.0202554 0.757355
4.5 0.0363343 0.0192753 0.75023
4.5625 0.0335002 0.0183491 0.71039
4.625 0.0314163 0.0174727 0.683966
4.6875 0.0292812 0.0166416 0.654274
4.75 0.0272077 0.015851 0.623762
4.8125 0.0256366 0.0150999 0.60285
4.875 0.0248155 0.0143874 0.598366
4.9375 0.0241756 0.0137115 0.597569
5 0.0224833 0.0130714 0.569526
5.0625 0.0207998 0.0124663 0.539807
5.125 0.0204962 0.0118922 0.544826
5.1875 0.0211661 0.011346 0.57612
5.25 0.0215885 0.0108275 0.601545
5.3125 0.021528 0.0103368 0.613922
5.375 0.021721 0.00987327 0.633792
5.4375 0.0217221 0.00943401 0.648362
5.5 0.0208296 0.00901519 0.635827
5.5625 0.0203665 0.00861491 0.635643
5.625 0.0199706 0.00823242 0.637126
5.6875 0.0188459 0.00786849 0.614456
5.75 0.0171661 0.00752355 0.571857
5.8125 0.0157529 0.00719513 0.536072
5.875 0.0169898 0.00688182 0.590479
5.9375 0.0185457 0.00658448 0.658141
6 0.0190595 0.00630394 0.690496
6.0625 0.0195128 0.00603798 0.721527
6.125 0.0210951 0.00578645 0.796003
6.1875 0.0227311 0.00554936 0.875118
6.25 0.0231648 0.00532736 0.909721
6.3125 0.0218627 0.00511977 0.875659
6.375 0.0189726 0.00492403 0.774874
6.4375 0.017101 0.00473858 0.712064
6.5 0.0172471 0.00456338 0.73203
6.5625 0.0166464 0.00439557 0.720064
6.625 0.0143411 0.0042331 0.632115
6.6875 0.0121261 0.00407696 0.544531
6.75 0.0128019 0.00392914 0.585589
6.8125 0.0140253 0.00378917 0.653394
6.875 0.0144795 0.00365416 0.686892
6.9375 0.0138609 0.00352526 0.669471
7 0.0121717 0.0034034 0.598452
7.0625 0.0109087 0.00328906 0.545911
7.125 0.0100002 0.00318133 0.509287
7.1875 0.00902027 0.00307665 0.467427
7.25 0.00878815 0.00297466 0.463305
7.3125 0.00854325 0.00287756 0.458149
7.375 0.00886618 0.00278566 0.483584
7.4375 0.0100245 0.00269809 0.55602
7.5 0.0121347 0.00261528 0.684365
7.5625 0.0141473 0.00253701 0.811163
7.625 0.0159902 0.00246264 0.931977
7.6875 0.0145218 0.00239276 0.860264
7.75 0.0118087 0.00232596 0.710913
7.8125 0.0117812 0.00226022 0.720699
7.875 0.0135241 0.00219642 0.840551
7.9375 0.0134678 0.00213315 0.85034
8 0.0111883 0.00207125 0.717537
8.0625 0.00937979 0.00201125 0.610952
8.125 0.00939253 0.00195269 0.621267
8.1875 0.0112595 0.00189508 0.756217
8.25 0.0126397 0.00183865 0.861871
8.3125 0.0131997 0.00178345 0.913698
8.375 0.0136911 0.00172945 0.961969
8.4375 0.0139905 0.00167599 0.997675
8.5 0.0129191 0.00162239 0.934919
8.5625 0.0107491 0.00156858 0.789324
8.625 0.00865598 0.00151795 0.644903
8.6875 0.00887392 0.00147131 0.670725
8.75 0.0107737 0.00142697 0.826044
8.8125 0.0132818 0.00138418 1.0329
8.875 0.0138578 0.00134347 1.09298
8.9375 0.0128114 0.0013043 1.0247
9 0.0113 0.00126806 0.916464
9.0625 0.0100997 0.00123422 0.830505
9.125 0.00922524 0.00120348 0.769071
9.1875 0.00747845 0.0011759 0.632001
9.25 0.00542108 0.00115162 0.464376
9.3125 0.00499708 0.00112914 0.43385
9.375 0.00642299 0.00110661 0.565146
9.4375 0.00679767 0.00108332 0.606101
9.5 0.00551681 0.00106221 0.498422
9.5625 0.0042653 0.00104359 0.390432
9.625 0.00515525 0.00102791 0.478077
9.6875 0.00704219 0.00101522 0.661564
9.75 0.00809346 0.00100605 0.770159
9.8125 0.0089012 0.000997972 0.85791
9.875 0.00975042 0.000987724 0.951758
9.9375 0.0096923 0.000976542 0.958088
10 0.00843724 0.000964552 0.844539
10.0625 0.00759847 0.000950237 0.770107
10.125 0.00679588 0.000934898 0.697336
10.1875 0.00704637 0.000919147 0.731981
10.25 0.00737442 0.000901783 0.775474
10.3125 0.0072239 0.000883428 0.768924
10.375 0.0064927 0.000864458 0.699483
10.4375 0.00460757 0.000845942 0.50238
10.5 0.00274396 0.000827879 0.302773
10.5625 0.00312527 0.000808754 0.348958
10.625 0.00413472 0.000789153 0.467139
10.6875 0.004369 0.000768876 0.499422
10.75 0.00519016 0.000746776 0.600236
10.8125 0.00759773 0.000723757 0.888895
10.875 0.00944408 0.000700894 1.11769
10.9375 0.010557 0.0006791 1.26378
11 0.0109072 0.000656679 1.32064
11.0625 0.0100868 0.000633381 1.23519
11.125 0.00870285 0.000609392 1.07777
11.1875 0.00746601 0.000583816 0.934993
11.25 0.00741933 0.000555226 0.93953
11.3125 0.0083663 0.000526537 1.07122
11.375 0.0103343 0.00050013 1.33783
11.4375 0.0120262 0.000474156 1.57397
11.5 0.0126186 0.00044812 1.66956
11.5625 0.0137151 0.000420828 1.83436
11.625 0.0139465 0.000396063 1.88549
11.6875 0.012989 0.000375874 1.77493
11.75 0.0122949 0.000358599 1.69807
11.8125 0.0120788 0.000343407 1.686
11.875 0.0119078 0.00032988 1.67974
11.9375 0.0116214 0.000317361 1.65663
12 0.011163 0.00030594 1.60797
12.0625 0.0105949 0.00029657 1.54206
12.125 0.0108765 0.000288643 1.59948
12.1875 0.0105038 0.000279109 1.56061
12.25 0.00965278 0.000267515 1.44891
12.3125 0.00967663 0.000253838 1.46733
12.375 0.00953042 0.000239722 1.45984
12.4375 0.00935075 0.000224202 1.44681
12.5 0.00930468 0.000207444 1.45416
12.5625 0.00895287 0.000190539 1.41318
12.625 0.00805085 0.000175044 1.28346
12.6875 0.00837135 0.000162416 1.34778
12.75 0.00991616 0.000154303 1.61225
12.8125 0.0106388 0.000149452 1.74673
12.875 0.0101861 0.000144271 1.68875
12.9375 0.00869873 0.000139088 1.45619
13 0.00875902 0.000135224 1.48047
13.0625 0.0112008 0.000131253 1.91144
13.125 0.0141615 0.000126035 2.43985
13.1875 0.0159411 0.000118901 2.77264
13.25 0.0167039 0.000109073 2.93289
13.3125 0.0146054 9.69901e-05 2.58867
13.375 0.0118378 8.30858e-05 2.11785
13.4375 0.00935418 6.79103e-05 1.68917
13.5 0.00852858 5.3031e-05 1.55442
13.5625 0.00812217 3.78396e-05 1.49406
13.625 0.008755 2.26099e-05 1.62532
13.6875 0.00828595 7.02028e-06 1.55236
13.75 0.00769442 -9.00817e-06 1.45471
13.8125 0.00698423 -2.37914e-05 1.33246
13.875 0.00581545 -3.81975e-05 1.11952
13.9375 0.00437201 -5.38682e-05 0.849233
14 0.00327417 -7.05159e-05 0.641693
14.0625 0.00252591 -8.66774e-05 0.499465
14.125 0.00289051 -0.000102405 0.576643
14.1875 0.00380532 -0.000116442 0.765866
14.25 0.00324041 -0.000129482 0.657921
14.3125 0.00292696 -0.0001418 0.599497
14.375 0.00356841 -0.000154143 0.737266
14.4375 0.00473433 -0.000166864 0.986665
14.5 0.00589308 -0.000179675 1.2388
14.5625 0.00727684 -0.000190158 1.54288
14.625 0.00756882 -0.00019591 1.61858
14.6875 0.00686852 -0.000198507 1.4814
14.75 0.00620963 -0.000199698 1.35071
14.8125 0.0067391 -0.000199135 1.47833
14.875 0.00802655 -0.000197178 1.77565
14.9375 0.00912859 -0.00019491 2.03646
15 0.00953127 -0.00019406 2.14412
15.0625 0.00909404 -0.000196334 2.06284
15.125 0.00910782 -0.000200491 2.08314
15.1875 0.00832713 -0.000206806 1.92034
15.25 0.00670076 -0.000213772 1.55801
15.3125 0.00442763 -0.000219803 1.03793
15.375 0.00378062 -0.000224938 0.893502
15.4375 0.0051365 -0.000230776 1.22383
15.5 0.0055605 -0.000240091 1.33559
15.5625 0.00408148 -0.000253173 0.988249
15.625 0.00308074 -0.000266438 0.751934
15.6875 0.00304432 -0.000278791 0.748992
15.75 0.00396569 -0.000290941 0.983452
15.8125 0.00573106 -0.000301805 1.43253
15.875 0.006887 -0.000309236 1.7351
15.9375 0.00624478 -0.000311985 1.5857
